608
1
37
15
56
64
63
6
93
23
123
134
203
171
269
328
403
363
331
262
274
289
265
244
308
259
302
293
362
431
432
402
324
296
292
284
187
250
290
300
247
344
401
410
318
325
335
413
426
388
476
435
528
557
487
496
507
584
511
454
481
478
497
539
474
480
541
534
438
372
334
343
312
354
319
355
406
469
529
545
548
599
566
485
560
519
433
448
466
550
624
686
784
789
766
814
833
805
827
812
770
806
736
777
877
937
945
935
984
959
924
994
956
948
849
839
920
886
907
972
995
966
879
845
746
800
810
853
835
751
656
680
731
749
834
790
866
767
792
803
737
685
659
721
786
873
954
964
985
998
911
967
982
990
905
816
778
861
780
690
632
621
650
569
618
666
573
604
613
691
609
527
437
378
278
285
209
169
124
24
35
99
152
192
143
83
42
131
141
210
158
85
113
18
29
32
128
154
127
98
92
115
179
157
60
47
53
28
108
147
69
58
39
52
48
68
159
216
307
380
393
390
459
553
592
674
759
858
909
925
938
876
815
875
974
973
942
863
882
955
991
958
915
837
917
953
855
809
794
836
825
727
646
571
574
516
488
483
555
629
728
747
756
672
693
617
711
639
602
520
523
585
506
590
572
515
464
442
512
580
663
578
558
593
668
607
594
559
486
465
530
444
452
356
359
306
227
198
295
313
264
222
286
364
349
268
215
199
150
155
57
36
7
19
30
66
95
20
46
54
72
62
100
21
12
8
26
9
10
3
2
55
49
142
186
229
275
182
235
273
221
153
237
248
200
223
299
365
370
439
341
352
415
400
418
414
417
394
297
241
267
226
149
211
280
271
371
276
238
172
104
84
50
97
45
73
41
87
27
33
86
173
255
291
387
351
447
490
587
598
579
662
698
600
630
628
542
546
484
427
525
524
510
552
641
673
715
762
740
755
787
760
775
735
658
601
664
718
764
687
783
840
831
847
821
819
796
894
978
980
944
859
906
992
989
934
940
926
960
950
969
912
851
874
949
893
939
983
963
927
870
864
868
822
733
645
653
575
619
615
661
739
648
570
540
538
532
597
626
726
717
682
732
798
860
779
867
871
820
793
785
689
675
625
554
577
492
455
473
563
508
463
461
475
460
536
498
479
495
450
367
321
315
239
191
132
117
163
197
145
106
74
80
139
130
214
303
377
409
504
441
424
458
462
425
357
376
361
449
468
549
522
582
670
637
729
669
671
636
701
791
813
788
774
700
716
769
848
754
757
776
781
828
797
883
896
801
880
951
971
892
957
947
965
872
916
818
910
946
941
930
931
885
901
975
891
890
824
908
977
904
921
996
897
922
962
961
914
829
844
898
826
772
838
933
884
795
765
694
665
714
710
720
709
802
725
683
588
537
502
407
373
472
551
642
586
640
565
517
456
404
333
257
207
109
31
107
94
13
81
119
22
88
138
201
233
310
256
288
323
332
420
399
347
353
386
322
330
272
311
231
170
451
526
518
576
655
581
742
773
857
932
865
881
913
830
763
697
643
719
724
750
823
887
987
988
986
981
929
928
852
846
843
854
758
695
610
676
596
631
622
635
649
633
705
744
811
900
869
856
923
878
970
999
993
952
976
968
919
862
808
799
702
614
708
679
723
707
752
768
712
704
660
568
521
493
405
342
252
345
440
500
477
470
467
381
369
375
339
358
383
398
412
457
422
397
489
589
667
748
832
753
761
842
817
841
936
889
804
743
782
696
623
564
605
547
501
491
434
503
533
509
443
408
374
338
436
389
379
346
287
228
175
224
188
249
327
348
270
206
236
166
148
51
82
75
101
71
67
118
121
183
156
133
140
195
251
194
260
230
181
263
167
242
281
366
423
421
396
350
419
471
391
301
245
185
178
246
232
204
220
316
294
336
430
494
505
595
567
561
482
445
368
326
243
144
234
135
103
11
77
116
120
44
14
38
91
184
136
78
16
17
43
90
34
129
189
111
59
137
168
253
202
298
382
411
428
329
283
225
177
96
112
164
125
25
76
40
4
5
105
193
114
110
162
205
219
176
208
180
146
65
70
126
161
165
190
160
79
61
122
89
102
196
212
282
277
254
213
258
305
314
320
261
317
416
340
384
385
446
531
535
627
677
654
562
611
634
556
620
606
638
647
603
652
699
684
688
738
706
616
692
703
657
651
734
730
722
771
850
888
943
899
979
903
895
918
997
1000
902
807
745
713
741
644
583
543
591
513
453
392
304
337
309
279
240
174
218
151
217
266
360
395
429
514
499
544
612
678
681
608