608
586
640
642
694
665
714
710
802
720
709
725
683
588
549
522
537
502
428
411
382
329
298
283
189
111
202
253
168
137
59
110
114
193
105
96
40
112
162
205
109
207
219
208
180
176
76
25
125
164
177
225
129
43
16
34
90
17
4
5
78
136
184
91
38
135
103
116
77
11
14
44
120
178
246
232
204
217
220
316
350
419
396
421
423
471
391
301
245
185
145
197
163
117
132
106
74
130
139
80
102
196
212
282
287
228
175
89
122
61
79
165
160
190
161
126
188
224
249
327
270
236
206
166
148
51
82
101
71
75
67
146
70
65
118
121
183
156
133
140
195
194
251
260
230
181
263
167
242
281
366
368
326
243
144
234
294
336
430
482
567
494
445
505
561
595
565
517
456
404
333
257
337
392
304
279
240
309
218
151
174
266
360
395
429
514
583
543
453
513
591
499
544
644
612
678
681
771
722
730
804
743
748
667
693
756
672
747
728
629
555
617
705
744
811
900
869
885
930
931
878
923
999
970
993
952
965
947
957
892
872
916
910
818
753
832
817
842
761
703
692
616
531
446
416
317
303
214
254
277
213
258
305
314
320
261
339
375
369
358
451
526
581
655
576
518
431
432
362
402
324
293
302
259
308
244
265
274
289
296
284
292
252
345
381
467
470
477
500
440
406
469
410
401
344
290
300
247
325
318
355
388
319
354
312
343
334
335
433
448
519
560
529
545
548
599
566
485
466
550
624
686
784
789
737
685
659
721
786
873
815
876
938
925
909
858
759
773
674
592
553
459
393
390
380
307
216
159
69
39
58
68
48
52
147
108
28
53
47
60
157
115
179
92
98
192
99
35
24
124
169
209
152
143
83
42
141
158
210
131
32
29
18
85
113
127
154
128
187
250
342
405
493
521
568
660
704
712
768
742
695
610
676
631
596
622
649
633
635
639
602
520
523
574
571
646
711
727
825
836
794
809
855
856
953
917
837
799
723
679
707
752
792
803
767
790
866
879
800
810
853
845
746
736
806
812
827
770
805
833
814
766
666
731
749
834
835
751
656
680
585
614
702
708
808
862
919
968
976
915
958
991
955
882
973
942
863
875
974
954
964
985
998
911
967
982
966
995
972
907
886
920
839
849
948
956
924
994
959
984
935
945
937
990
905
816
780
877
777
861
778
690
618
569
650
621
632
584
557
496
435
476
487
528
507
426
413
511
454
481
478
497
539
474
480
541
534
573
604
691
613
609
527
437
372
438
378
278
285
262
306
227
295
351
387
291
255
328
403
331
363
269
171
203
198
173
86
33
27
87
56
15
1
37
64
63
6
93
23
123
134
41
73
66
30
19
7
57
36
45
97
50
84
21
104
172
272
311
231
170
191
239
315
321
367
450
495
479
498
536
460
475
461
463
508
455
371
271
211
280
267
226
149
100
62
72
155
199
150
95
20
46
54
138
88
22
119
81
13
12
8
26
9
10
49
3
2
55
153
235
273
221
237
248
299
233
201
223
200
107
31
94
182
275
229
186
142
241
297
394
400
414
418
417
484
427
365
370
439
341
352
310
256
288
323
332
238
276
347
353
420
399
473
563
630
673
715
762
763
830
881
913
987
988
932
986
981
929
928
852
846
843
758
854
865
857
887
823
750
724
719
643
697
641
552
510
524
525
625
718
687
764
840
893
831
847
939
983
963
927
870
787
740
760
775
851
949
969
950
912
874
783
735
658
664
601
546
542
628
554
600
698
689
675
579
662
577
492
490
415
447
349
264
313
268
215
222
286
386
322
330
356
359
364
444
452
538
532
530
465
486
559
594
607
668
682
717
779
732
798
859
944
978
980
906
864
822
868
926
940
934
992
989
960
894
796
867
860
871
820
793
785
821
819
755
739
661
615
619
575
597
626
726
653
733
645
587
598
540
570
648
663
578
558
593
580
512
590
506
442
464
515
572
652
684
699
738
688
706
801
896
883
797
828
781
776
757
754
729
637
670
582
636
669
671
701
791
813
788
774
700
716
769
848
904
996
921
897
922
914
829
772
838
933
884
795
765
826
844
898
961
962
977
971
951
880
946
941
901
975
891
890
908
824
841
889
936
997
918
895
903
1000
979
899
943
888
850
902
807
745
713
741
782
696
623
564
589
489
422
457
383
398
412
488
516
483
397
385
434
491
501
547
605
562
611
677
654
734
651
657
627
535
503
533
620
634
556
509
443
408
374
338
384
340
379
346
389
436
348
407
373
361
449
468
551
472
458
462
376
357
425
424
441
377
409
504
603
647
638
606
608
